840
23 5 23 16
76 54 77 59
101 43 101 54
34 41 45 41
61 26 61 37
58 33 60 36
45 11 46 16
81 59 92 59
84 25 89 26
78 25 83 26
78 27 83 28
30 6 31 11
29 4 31 5
17 4 28 4
44 7 46 10
47 36 49 39
19 1 30 1
31 0 36 1
18 0 29 0
123 31 124 35
123 36 134 36
62 26 62 37
34 2 35 7
102 46 102 57
26 2 31 3
27 5 27 16
70 55 75 56
98 0 101 2
97 1 97 12
91 0 96 1
120 59 126 59
123 55 127 56
123 57 128 58
130 57 135 58
66 26 69 28
64 22 65 27
33 40 33 51
47 34 52 35
53 35 56 37
95 50 98 52
50 36 52 39
117 6 122 7
113 4 114 9
111 4 112 9
110 3 110 12
100 45 100 56
41 34 46 35
120 32 122 35
108 18 119 18
150 45 153 47
148 48 153 49
151 43 155 44
50 41 53 43
120 17 125 18
52 44 53 49
112 32 117 33
118 30 119 35
29 41 32 43
27 39 32 40
44 17 48 18
111 26 113 29
112 30 117 31
22 22 27 23
128 32 133 33
73 23 76 25
87 50 92 51
23 28 25 31
87 17 89 20
145 0 150 1
100 39 102 42
158 56 160 59
141 36 143 39
83 21 94 21
133 26 142 26
14 56 16 59
174 52 176 55
58 37 59 42
131 11 141 11
138 4 140 7
102 28 107 29
43 11 44 16
154 45 155 49
105 15 107 18
177 54 178 59
84 36 87 38
98 5 103 6
88 43 89 48
133 41 136 43
0 9 3 11
85 2 87 5
120 42 122 45
88 41 93 42
17 48 18 53
19 7 20 9
120 15 125 16
49 9 51 12
163 3 165 6
93 16 104 16
37 8 40 10
60 54 62 57
51 25 54 27
178 18 178 26
131 47 134 49
159 0 162 2
128 53 130 56
25 33 36 33
117 44 118 49
1 29 6 30
52 10 55 12
112 55 117 56
86 44 87 49
142 8 143 12
172 36 175 38
167 9 168 14
93 59 99 59
138 52 142 53
158 28 163 29
139 58 144 59
70 33 70 44
44 25 46 28
31 53 41 53
23 17 24 21
121 37 126 38
58 43 61 45
108 8 109 13
109 33 111 36
0 32 2 35
2 12 2 23
168 19 173 20
75 44 79 45
7 1 18 1
83 22 86 24
175 4 177 7
24 57 30 57
57 1 68 1
93 15 104 15
129 34 134 35
97 36 98 40
29 34 30 38
2 38 7 39
15 43 20 44
161 46 164 48
135 33 137 36
56 5 59 7
79 6 80 11
54 41 56 44
135 12 138 14
51 20 62 20
17 13 20 15
20 46 21 51
172 25 174 28
37 56 42 57
4 43 10 43
157 33 158 38
96 32 98 35
173 43 175 46
73 4 78 5
117 37 120 39
128 41 131 43
114 45 116 48
106 7 107 12
99 37 104 38
63 39 67 40
34 42 39 43
31 58 36 59
152 53 155 55
84 17 86 20
72 29 74 32
63 29 64 34
169 50 170 55
164 26 166 29
115 24 118 26
163 30 168 31
147 41 150 43
8 50 8 59
159 44 164 45
92 24 93 29
125 19 126 23
154 13 155 18
69 35 69 44
103 19 114 19
81 32 82 36
90 46 93 48
73 0 84 0
120 12 123 14
100 24 105 25
32 31 37 32
175 9 176 14
10 50 15 51
41 5 46 6
83 55 87 56
160 11 165 12
19 19 20 24
49 13 52 15
109 39 110 44
100 57 100 59
164 36 171 36
71 3 72 8
158 40 163 41
43 52 54 52
11 56 13 59
24 24 26 27
67 54 69 56
39 32 50 32
122 25 125 27
160 3 162 6
20 38 23 40
171 58 176 59
84 27 89 28
43 29 46 31
94 39 95 43
47 11 48 16
168 24 169 29
75 29 77 32
74 6 75 11
41 36 43 39
3 41 3 52
75 46 76 49
103 45 103 56
125 28 127 31
59 8 70 8
148 12 150 15
106 21 107 26
116 10 119 12
148 16 152 17
167 1 172 2
172 47 174 50
121 39 124 41
157 17 159 20
124 14 130 14
14 52 16 55
115 8 120 9
47 46 48 51
63 54 66 56
7 11 7 22
89 31 91 34
79 32 80 36
85 0 90 1
143 24 144 29
91 9 94 11
156 44 156 55
170 24 171 28
23 32 24 37
81 40 83 43
123 2 124 7
65 9 70 10
132 52 137 53
127 21 132 22
1 48 2 53
27 41 28 46
135 47 146 47
130 4 131 9
28 50 30 53
98 3 103 4
123 51 125 54
109 24 114 25
126 2 131 3
134 22 136 25
162 23 165 25
36 18 39 20
46 41 46 48
9 27 14 28
168 32 172 33
162 50 164 53
115 19 120 20
160 7 165 8
128 44 130 46
11 21 16 22
159 42 164 43
0 27 2 28
0 48 0 59
177 10 178 15
36 2 41 3
138 21 145 21
73 44 74 49
1 41 2 46
88 31 88 40
44 21 46 24
59 16 64 17
0 36 0 47
38 13 41 15
49 21 51 24
104 7 105 12
118 21 121 23
116 52 119 54
117 13 119 16
43 44 45 47
173 2 174 7
86 52 89 54
69 13 72 15
34 48 45 48
61 22 63 25
124 8 125 13
175 47 176 51
161 39 172 39
171 8 174 9
131 55 135 56
103 39 104 44
19 25 20 30
116 50 121 51
108 17 119 17
138 18 141 20
119 46 121 49
160 36 163 38
20 34 22 37
81 17 83 20
0 4 1 8
130 16 135 17
144 31 155 31
15 31 17 34
84 7 87 9
129 29 134 30
145 26 148 28
107 0 110 2
31 35 34 37
102 35 107 36
54 13 55 17
146 18 147 21
138 29 139 34
145 9 148 11
91 56 94 58
72 57 75 59
161 49 161 59
139 48 144 49
10 10 20 10
49 33 56 33
69 45 71 48
147 44 149 47
171 51 173 54
76 6 78 9
50 54 52 57
10 52 10 59
31 55 42 55
119 24 121 27
95 20 99 21
29 13 29 24
94 27 96 30
74 26 77 28
43 55 46 57
70 17 71 22
42 2 45 4
37 44 42 45
72 19 74 22
102 58 107 59
72 43 72 54
37 6 40 7
57 51 68 51
170 7 170 18
173 0 178 1
112 10 115 12
94 44 99 45
150 50 153 52
40 22 42 25
128 49 130 52
6 0 17 0
45 19 50 20
24 58 29 59
145 29 149 30
24 48 26 51
113 0 115 3
89 2 91 5
53 54 58 55
166 23 174 23
154 5 155 10
12 11 14 14
51 31 55 32
25 35 26 40
53 38 56 40
152 40 155 42
49 46 51 49
47 29 50 31
65 52 68 53
37 11 42 12
15 46 19 47
152 2 153 7
156 13 158 16
109 27 110 32
20 57 23 59
112 44 113 49
54 45 57 47
28 12 28 23
125 4 127 7
164 13 165 18
21 7 21 18
157 53 160 55
144 37 155 37
39 36 40 39
128 18 131 20
87 23 91 24
101 55 101 59
132 5 135 7
5 41 10 42
17 5 22 6
101 9 103 12
126 15 129 17
52 21 54 24
94 13 99 14
171 10 172 15
66 20 68 23
114 21 117 23
177 38 179 41
156 26 161 27
152 56 157 57
135 44 138 46
91 35 92 40
147 32 149 34
78 17 80 20
37 16 42 17
90 9 90 20
142 18 145 20
32 8 34 11
128 38 139 38
43 17 43 28
60 0 71 0
36 6 36 17
13 4 16 6
175 21 175 31
47 5 48 10
135 29 137 32
49 25 50 28
43 1 48 1
57 18 62 19
104 0 106 3
128 4 129 9
6 48 7 53
136 55 138 58
162 20 167 21
158 9 163 10
60 59 71 59
11 18 16 19
27 24 28 29
7 44 10 46
95 7 96 12
30 14 33 16
165 55 168 57
137 41 146 41
73 2 78 3
11 41 12 46
120 2 122 5
128 39 133 40
58 46 61 48
64 41 65 46
165 43 166 48
77 23 82 24
8 49 16 49
139 50 144 51
173 16 178 17
114 28 119 29
97 55 99 58
63 18 65 21
59 21 60 26
25 16 26 21
48 0 59 0
78 56 80 59
72 33 72 42
11 23 16 24
116 0 119 2
115 4 119 5
98 7 103 8
2 4 3 8
0 1 3 3
104 4 107 6
152 58 157 59
117 40 119 43
159 22 161 25
73 35 76 37
79 37 83 38
107 49 109 52
112 34 113 39
73 33 78 34
51 18 56 19
78 29 81 31
58 8 58 17
83 44 85 47
52 8 57 9
9 2 14 3
168 47 171 49
81 6 83 9
158 46 160 48
60 4 65 5
150 32 155 33
177 48 178 53
178 27 179 32
15 11 20 12
40 42 45 43
173 32 175 35
15 45 26 45
20 52 25 53
156 30 161 31
9 25 14 26
170 41 175 42
10 5 12 8
145 2 148 4
121 28 124 30
91 18 94 20
145 52 147 55
167 41 167 52
125 39 127 42
53 56 58 57
94 48 99 49
3 31 4 36
65 13 68 15
57 21 58 26
60 38 61 42
35 34 40 35
94 24 97 26
105 37 110 38
22 7 22 18
69 50 71 53
125 43 127 46
156 4 157 9
35 37 38 39
170 29 173 31
131 54 142 54
57 27 58 32
66 16 69 18
104 46 104 57
164 40 175 40
59 9 64 10
143 42 146 43
78 15 83 16
77 41 80 43
153 8 153 19
65 33 69 34
71 9 73 12
24 6 26 9
144 0 144 11
71 33 71 44
68 39 68 50
1 54 2 59
38 49 43 50
166 15 168 18
1 40 12 40
112 57 117 58
167 5 169 8
24 41 26 44
178 2 179 7
4 48 4 59
90 43 93 45
31 46 32 51
37 21 39 24
166 3 166 14
32 17 33 22
20 55 24 56
8 47 13 48
126 47 130 48
77 35 78 40
145 56 146 59
170 3 172 6
84 14 87 16
101 31 106 32
160 35 171 35
121 52 122 57
8 38 15 38
148 18 150 21
125 32 127 35
138 22 143 23
29 26 31 29
56 10 57 15
139 55 142 57
13 7 18 8
31 52 42 52
44 36 46 39
4 7 5 12
49 16 53 17
141 33 146 34
145 12 147 14
25 55 30 56
15 16 20 17
176 34 176 45
139 44 142 46
80 44 81 49
0 24 2 26
82 29 89 29
11 35 14 37
62 41 63 46
149 6 150 11
161 13 163 16
41 7 43 10
168 41 169 46
141 4 143 7
91 12 92 17
17 41 22 42
16 26 18 29
127 37 138 37
68 2 69 7
128 0 132 1
30 17 31 22
57 2 65 2
8 16 13 17
66 2 67 7
0 18 1 23
100 19 101 23
84 12 89 13
37 46 42 47
19 48 19 59
39 29 42 31
150 29 155 30
144 38 149 39
57 33 57 44
127 59 138 59
159 33 167 33
144 22 155 22
110 45 111 49
6 54 7 59
102 21 105 23
81 57 86 58
177 42 178 47
92 31 100 31
90 25 91 29
35 54 46 54
3 25 6 27
156 32 156 43
108 20 108 31
88 55 90 58
177 34 179 37
176 22 177 27
140 29 142 32
88 7 93 8
79 2 82 4
126 24 128 27
5 36 10 37
4 13 4 24
75 38 76 43
34 28 37 30
71 1 82 1
108 59 119 59
133 1 135 4
51 28 54 30
151 23 154 25
5 48 5 59
24 10 26 13
43 58 54 58
134 39 139 40
75 19 77 22
93 2 96 4
173 10 174 15
32 27 42 27
21 19 21 30
21 54 32 54
65 29 68 31
3 12 3 23
4 0 5 5
85 40 87 43
138 35 149 35
82 44 82 55
122 0 127 1
158 3 159 8
114 49 115 54
154 50 155 52
56 21 56 32
99 17 104 18
101 13 106 14
50 3 51 8
137 42 142 43
122 48 125 50
76 50 78 53
55 48 56 53
149 23 150 28
109 20 112 22
174 18 177 20
158 49 160 52
30 23 33 25
32 2 33 7
105 46 106 51
150 34 155 35
73 38 74 43
100 26 105 27
97 30 107 30
38 40 49 40
110 13 116 13
22 46 23 51
93 35 95 38
151 10 152 15
17 54 18 59
54 1 56 4
17 18 18 23
8 18 10 21
137 2 142 3
129 23 132 25
144 15 147 17
91 52 93 55
105 40 106 45
165 37 170 38
55 21 55 30
126 49 127 54
129 26 132 28
66 24 71 25
34 25 39 25
82 30 93 30
98 24 99 29
49 50 54 51
74 12 83 12
83 48 84 53
107 45 109 48
163 0 166 2
94 46 99 47
82 10 87 11
114 37 116 40
169 9 169 18
73 13 76 15
85 32 87 35
131 12 134 14
114 41 116 44
52 2 53 7
43 0 47 0
78 13 83 14
6 8 9 10
11 52 13 55
145 23 148 25
34 21 36 24
179 48 179 59
72 16 75 18
132 18 135 20
176 28 177 33
109 14 112 16
127 11 130 13
128 31 134 31
162 22 173 22
160 34 171 34
29 44 30 49
64 48 67 50
89 35 90 40
77 46 79 49
137 27 142 28
157 41 157 52
114 34 117 36
138 8 141 10
5 31 7 34
18 34 19 39
136 16 137 21
49 1 49 8
47 44 51 45
96 41 99 43
85 6 96 6
3 53 3 59
150 38 155 39
46 2 48 4
136 0 141 1
152 0 157 1
145 48 147 51
42 53 53 53
62 11 64 14
140 40 151 40
63 37 68 38
73 50 75 53
59 27 60 32
70 26 73 28
164 58 169 59
121 8 123 11
108 53 111 55
0 12 1 17
78 21 82 22
143 52 144 57
30 12 35 13
5 23 10 24
66 42 67 47
136 4 137 9
26 30 31 31
65 11 70 12
63 35 68 36
159 13 160 16
92 32 95 34
137 24 142 25
157 32 167 32
148 50 149 55
162 54 164 57
132 8 135 10
105 54 107 57
110 50 113 52
92 23 99 23
94 53 99 54
151 20 156 21
65 57 70 58
118 55 120 58
69 29 71 32
150 54 151 59
158 42 158 45
47 41 49 43
170 43 172 46
99 33 101 36
9 50 9 59
44 49 46 51
160 17 163 19
5 13 6 18
83 31 84 35
8 32 10 35
143 44 146 46
59 52 64 53
11 32 14 34
31 56 36 57
87 22 98 22
47 21 48 26
149 2 151 5
165 49 166 54
126 8 127 10
152 26 155 28
122 19 123 24
111 40 113 43
136 48 138 51
10 9 18 9
98 9 100 12
123 42 124 47
18 31 21 33
7 25 8 30
16 35 17 40
145 5 148 7
7 2 8 7
138 16 143 17
108 56 111 58
130 15 141 15
60 6 65 7
154 11 159 12
34 49 37 51
95 17 98 19
155 23 158 25
37 0 42 1
131 50 135 51
113 14 116 16
103 33 108 34
79 39 87 39
59 12 61 15
131 44 134 46
32 26 42 26
139 13 144 14
57 3 59 4
8 11 11 13
34 15 35 20
107 39 108 44
37 33 48 33
79 50 81 53
40 18 42 21
169 56 174 57
13 41 14 46
147 56 149 59
28 6 29 11
179 14 179 25
36 4 40 5
4 44 6 47
20 2 25 3
